CAMERA: 0, 5, -15; 0, 0, 0;
LIGHT: 10, 20, -20;
PLANE: 0, 0, 0; 0, 1, 0; 100, 100, 100;
PLANE: 0, 21, 0; 0, 1, 0; 100, 100, 100;
PLANE: 0, 0, 20; 0, 0, -1; 0, 0, 255;
CYLINDER: -5, 0, 0; 0, 1, 0; 0, 255, 0;
CYLINDER: 5, 0, 0; 0, 1, 0; 0, 255, 0;
CYLINDER: -5, 0, 10; 0, 1, 0; 0, 255, 0;
CYLINDER: 5, 0, 10; 0, 1, 0; 0, 255, 0;
SPHERE: 0, 10, 5; 0, 1, 0; 255, 255, 0;
SPHERE: 5, 0, 5; 0, 1, 0; 255, 0, 0;
SPHERE: -5, 0, 5; 0, 1, 0; 255, 0, 0;
SPHERE: 0, 0, 10; 0, 1, 0; 255, 0, 0;
SPHERE: 0, 0, 0; 0, 1, 0; 255, 0, 0;